b1	b2	b3	b4	b5	b6	r1	r2	r3	r4	r5	r6	R01	R02	R03	R04	R05	R06
0.06457675895431263	0.0187679325247174	0.020328012698758263	0.023479391138663954	0.09349003601253125	0.5487913735638211	0.020680445157160474	0.27631141280668287	0.3435192426677875	0.9621217790322765	0.27756213032135063	0.8852351924101072	0.5994224663983017	0.17790320747360983	0.19374304947770976	0.23495896995482157	0.8862919002871954	5.459290971990378
0.06457675895431263	0.0187679325247174	0.020328012698758263	0.023479391138663954	0.09349003601253125	0.5487913735638211	0.020680445157160474	0.27631141280668287	0.3435192426677875	0.9621217790322765	0.27756213032135063	0.8852351924101072	0.5994224663983017	0.17790320747360983	0.19374304947770976	0.23495896995482157	0.8862919002871954	5.459290971990378
0.06457675895431263	0.0187679325247174	0.020328012698758263	0.023479391138663954	0.09349003601253125	0.5487913735638211	0.020680445157160474	0.27631141280668287	0.3435192426677875	0.9621217790322765	0.27756213032135063	0.8852351924101072	0.5994224663983017	0.17790320747360983	0.19374304947770976	0.23495896995482157	0.8862919002871954	5.459290971990378
0.06457675895431263	0.0187679325247174	0.020328012698758263	0.023479391138663954	0.09349003601253125	0.5487913735638211	0.020680445157160474	0.27631141280668287	0.3435192426677875	0.9621217790322765	0.27756213032135063	0.8852351924101072	0.5994224663983017	0.17790320747360983	0.19374304947770976	0.23495896995482157	0.8862919002871954	5.459290971990378
0.06457675895431263	0.0187679325247174	0.020328012698758263	0.023479391138663954	0.09349003601253125	0.5487913735638211	0.020680445157160474	0.27631141280668287	0.3435192426677875	0.9621217790322765	0.27756213032135063	0.8852351924101072	0.5994224663983017	0.17790320747360983	0.19374304947770976	0.23495896995482157	0.8862919002871954	5.459290971990378
0.06457675895431263	0.0187679325247174	0.020328012698758263	0.023479391138663954	0.09349003601253125	0.5487913735638211	0.020680445157160474	0.27631141280668287	0.3435192426677875	0.9621217790322765	0.27756213032135063	0.8852351924101072	0.5994224663983017	0.17790320747360983	0.19374304947770976	0.23495896995482157	0.8862919002871954	5.459290971990378
0.06457675895431263	0.0187679325247174	0.020328012698758263	0.023479391138663954	0.09349003601253125	0.5487913735638211	0.020680445157160474	0.27631141280668287	0.3435192426677875	0.9621217790322765	0.27756213032135063	0.8852351924101072	0.5994224663983017	0.17790320747360983	0.19374304947770976	0.23495896995482157	0.8862919002871954	5.459290971990378
0.06457675895431263	0.0187679325247174	0.020328012698758263	0.023479391138663954	0.09349003601253125	0.5487913735638211	0.020680445157160474	0.27631141280668287	0.3435192426677875	0.9621217790322765	0.27756213032135063	0.8852351924101072	0.5994224663983017	0.17790320747360983	0.19374304947770976	0.23495896995482157	0.8862919002871954	5.459290971990378
0.06457675895431263	0.0187679325247174	0.020328012698758263	0.023479391138663954	0.09349003601253125	0.5487913735638211	0.020680445157160474	0.27631141280668287	0.3435192426677875	0.9621217790322765	0.27756213032135063	0.8852351924101072	0.5994224663983017	0.17790320747360983	0.19374304947770976	0.23495896995482157	0.8862919002871954	5.459290971990378
0.06457675895431263	0.0187679325247174	0.020328012698758263	0.023479391138663954	0.09349003601253125	0.5487913735638211	0.020680445157160474	0.27631141280668287	0.3435192426677875	0.9621217790322765	0.27756213032135063	0.8852351924101072	0.5994224663983017	0.17790320747360983	0.19374304947770976	0.23495896995482157	0.8862919002871954	5.459290971990378
